-20000 -10000 -20000 -10000 -20000 -10000 -20000 -20000 -10000 -20000 -10000 -20000 -10000 -20000
-10000 -10000 -10000 -20000 -20000 -20000 -10000 -10000 -10000 -10000 -20000 -20000 -10000 -10000
-10000 -10000 -10000 -10000 0 -10000 -10000 -10000 -10000 -10000 -10000 -10000 -10000 -10000
-10000 -10000 -10000 -10000 -10000 -10000 -20000 -10000 -20000 -10000 -10000 -10000 -20000 -10000
-10000 -10000 -10000 -20000 -20000 -20000 -10000 -10000 -10000 -10000 -20000 -20000 -10000 -10000
-10000 -10000 -10000 -10000 -10000 -10000 -10000 -10000 -10000 -10000 -10000 -10000 -10000 -10000
-10000 -10000 -10000 -10000 -10000 -10000 -20000 -10000 -20000 -10000 -10000 -10000 -20000 -10000
-20000 -10000 -20000 -10000 -20000 -10000 -20000 -10000 -10000 -10000 -20000 -20000 -20000 -10000
-10000 -10000 -10000 -20000 -20000 -10000 -10000 -10000 -10000 -10000 -10000 -20000 -10000 -10000
-10000 -10000 -10000 -10000 -10000 -10000 -10000 -10000 -10000 -10000 -10000 -10000 -10000 -20000
-10000 -20000 -10000 -10000 -10000 -20000 -10000 -10000 -10000 -10000 -10000 -10000 -10000 -20000
-20000 -10000 -20000 -10000 -20000 -10000 -20000 -20000 -10000 -20000 -10000 -20000 -10000 -20000
-10000 -10000 -10000 -20000 -20000 -20000 -10000 -10000 -10000 -10000 -20000 -20000 -10000 -10000
-10000 -10000 -10000 -20000 -20000 -10000 -10000 -10000 -10000 -10000 -10000 -20000 -10000 -10000